#NEXUS 
Begin trees;
	Translate
		1 Nicotiana,
		2 Galphimia,
		3 Oenothera,
		4 Victoria,
		5 Cypirapea,
		6 Barclaya,
		7 Petunia,
		8 Lycopersi,
		9 Convolvul,
		10 Ipomoea,
		11 Borago,
		12 Heliotrop,
		13 Hydrophyl,
		14 Eriodicty,
		15 Digitalis,
		16 Buddleja,
		17 Callitric,
		18 Jasminum,
		19 Adoxa,
		20 Lamiumpur,
		21 Streptoca,
		22 Catalpa,
		23 Sesamum,
		24 Utricular,
		25 Byblis,
		26 Pinguicul,
		27 Pterost,
		28 Vahlia,
		29 Antirrhin,
		30 Verbena,
		31 Teucrium,
		32 Prostanth,
		33 Clerodend,
		34 Salvia,
		35 Ligustrum,
		36 Scutellar,
		37 Physosteg,
		38 Callicarp,
		39 Pogostemo,
		40 Symphoric,
		41 Valeriana,
		42 Dipsacus,
		43 Boopis,
		44 Menyanthe,
		45 Villarsia,
		46 Lobelia,
		47 Gentiana,
		48 Cornuskou,
		49 Hedera,
		50 Coriandru,
		51 Viburnum,
		52 Sambucus,
		53 Exacum,
		54 Apocynum,
		55 Asclepias,
		56 Gelsemium,
		57 Spigelia,
		58 Pentas,
		59 Acuba,
		60 Nyssa,
		61 Cornuscan,
		62 Cornuswal,
		63 Diplopana,
		64 Helwingia,
		65 Davidia,
		66 Alangium,
		67 Camptoth,
		68 Boykinia,
		69 Tetracarp,
		70 Gunnera,
		71 Phyllonom,
		72 Griselin,
		73 Corokia,
		74 Apiumgrav,
		75 Saniculgr,
		76 Araliaspi,
		77 Justicodo,
		78 Aphelandr,
		79 Thunbergi,
		80 Nelsonia,
		81 Barleria,
		82 Ruttya,
		83 Proboscid,
		84 Lepidagat,
		85 Ruellia,
		86 Acanthus,
		87 Harpogoph,
		88 Hypoxstes,
		89 Montinia,
		90 Ilexcrena,
		91 Eucommia,
		92 Berzelia,
		93 Campanula,
		94 Scaevola,
		95 Dimorphot,
		96 Tagetes,
		97 Felicia,
		98 Chromolae,
		99 Achillea,
		100 Gerbera
		;
tree PAUP_1 = [&U] (1,((((((((((((((((2,3),((4,6),5)),((27,68),(69,70))),((((48,61),62),66),(((60,67),65),63))),(((19,52),51),(40,(41,42)))),((64,71),90)),(((((((43,94),(((95,99),((96,98),97)),100)),73),45),44),(46,93)),((((49,76),((50,74),75)),72),92))),(59,91)),(((((((((((((15,17),29),21),25),83),(23,87)),(((((((20,37),39),36),32),(31,33)),(34,38)),30)),((((((77,88),82),((81,84),85)),79),(78,86)),80)),(24,26)),16),22),(18,35)),((47,53),(((54,55),57),56)))),28),58),(11,(12,(13,14)))),89),(9,10)),7),8));
tree PAUP_2 = [&U] (1,((((((((((((((((2,3),((4,6),5)),((27,68),(69,70))),((((48,61),62),66),(((60,65),67),63))),(((19,52),51),(40,(41,42)))),((64,71),90)),(((((((43,94),(((95,99),((96,98),97)),100)),73),45),44),(46,93)),((((49,76),((50,74),75)),72),92))),(59,91)),(((((((((((((15,17),29),21),25),83),(23,87)),(((((((20,37),39),36),32),(31,33)),(34,38)),30)),((((((77,88),82),((81,84),85)),79),(78,86)),80)),(24,26)),16),22),(18,35)),((47,53),(((54,55),57),56)))),28),58),(11,(12,(13,14)))),89),(9,10)),7),8));
tree PAUP_3 = [&U] (1,((((((((((((((((2,3),((4,6),5)),((27,68),(69,70))),((((48,61),62),66),(((60,67),65),63))),(((19,52),51),(40,(41,42)))),((64,71),90)),(((((((43,94),(((95,99),((96,98),97)),100)),73),45),44),(46,93)),((((49,((50,74),75)),76),72),92))),(59,91)),(((((((((((((15,17),29),21),25),83),(23,87)),(((((((20,37),39),36),32),(31,33)),(34,38)),30)),((((((77,88),82),((81,84),85)),79),(78,86)),80)),(24,26)),16),22),(18,35)),((47,53),(((54,55),57),56)))),28),58),(11,(12,(13,14)))),89),(9,10)),7),8));
tree PAUP_4 = [&U] (1,((((((((((((((((2,3),((4,6),5)),((27,68),(69,70))),((((48,61),62),66),((60,65),(63,67)))),(((19,52),51),(40,(41,42)))),((64,71),90)),(((((((43,94),(((95,99),((96,98),97)),100)),73),45),44),(46,93)),((((49,76),((50,74),75)),72),92))),(59,91)),(((((((((((((15,17),29),21),25),83),(23,87)),(((((((20,37),39),36),32),(31,33)),(34,38)),30)),((((((77,88),82),((81,84),85)),79),(78,86)),80)),(24,26)),16),22),(18,35)),((47,53),(((54,55),57),56)))),28),58),(11,(12,(13,14)))),89),(9,10)),7),8));
tree PAUP_5 = [&U] (1,((((((((((((((((2,3),((4,6),5)),((27,68),(69,70))),((((48,61),62),66),(((60,65),67),63))),(((19,52),51),(40,(41,42)))),((64,71),90)),(((((((43,94),(((95,99),((96,98),97)),100)),73),45),44),(46,93)),((((49,((50,74),75)),76),72),92))),(59,91)),(((((((((((((15,17),29),21),25),83),(23,87)),(((((((20,37),39),36),32),(31,33)),(34,38)),30)),((((((77,88),82),((81,84),85)),79),(78,86)),80)),(24,26)),16),22),(18,35)),((47,53),(((54,55),57),56)))),28),58),(11,(12,(13,14)))),89),(9,10)),7),8));
tree PAUP_6 = [&U] (1,((((((((((((((((2,3),((4,6),5)),((27,68),(69,70))),((((48,61),62),66),((60,65),(63,67)))),(((19,52),51),(40,(41,42)))),((64,71),90)),(((((((43,94),(((95,99),((96,98),97)),100)),73),45),44),(46,93)),((((49,((50,74),75)),76),72),92))),(59,91)),(((((((((((((15,17),29),21),25),83),(23,87)),(((((((20,37),39),36),32),(31,33)),(34,38)),30)),((((((77,88),82),((81,84),85)),79),(78,86)),80)),(24,26)),16),22),(18,35)),((47,53),(((54,55),57),56)))),28),58),(11,(12,(13,14)))),89),(9,10)),7),8));
End;
